1863
1415
583
485
1846
298
1652
1600
1396
1255
1131
795
568
1354
1655
393
1737
557
1323
1330
811
1711
1659
1623
1210
716
122
774
1914
1576
848
1537
475
1009
838
935
496
1445
1312
1342
1145
830
1491
233
88
1167
842
370
1549
1149
232
592
1871
1307
256
1179
1057
2040
1169
1184
290
1666
714
1903
669
459
674
1290
2007
901
542
442
307
135
405
632
971
1722
190
705
1292
474
1126
1838
1768
918
1296
1511
175
1217
1462
1558
1299
942
1214
105
1709
508
719
735
97
724
504
361
113
471
1008
210
977
1608
1992
1841
1174
1583
1772
826
1560
800
334
1641
168
1889
821
119
47
1200
1853
1049
2064
1547
1586
889
739
1311
264
1260
510
503
1749
1003
1010
1646
1253
1767
1837
1178
215
358
1262
1797
401
864
170
1668
380
1805
2046
479
570
1626
678
1809
255
1383
1741
377
1575
180
1933
952
2042
908
427
53
554
1293
718
1516
1531
1268
227
575
1479
932
460
1421
102
892
1702
470
1033
679
335
1612
1798
371
2004
84
103
493
1517
1696
1364
148
1467
134
302
934
1540
1192
32
810
1300
913
50
1223
1111
1304
2000
1100
385
1425
525
1758
1152
1489
584
1080
1852
126
721
547
1605
1596
807
1018
577
1147
1379
1968
1198
150
509
633
751
1203
930
1420
2017
1736
457
1950
151
1776
59
309
1731
616
1544
1931
962
51
1023
1665
54
448
1938
1557
1689
551
757
1117
2043
980
600
440
595
1791
247
1258
1682
894
1718
1199
265
1635
649
1371
645
343
424
1027
333
1374
1622
1550
655
851
57
1894
1454
1401
308
2033
706
1215
1699
1526
882
1212
272
1949
1241
574
1340
1038
544
212
2056
390
677
379
543
167
191
1182
966
55
1509
1001
1907
445
63
1501
1503
1562
1629
1055
129
218
741
837
1793
1074
1405
348
280
521
173
753
1783
579
1275
1305
775
1236
747
689
1170
346
858
1153
1276
137
336
1430
1279
1082
887
202
588
152
1803
0
854
970
1875
2002
1406
1867
1566
2030
26
1647
257
1337
1046
1890
1229
1107
985
874
1350
391
1752
118
1475
1842
1829
65
1986
1389
1680
1240
1011
704
875
2023
1384
285
484
6
185
461
291
492
603
1917
1663
481
369
11
74
359
1775
240
389
230
665
1740
1155
1970
692
16
1125
495
1060
204
80
1880
413
1451
950
978
1505
403
1208
99
1769
530
1020
432
394
768
1458
1751
1464
729
1382
1849
1075
903
1996
640
3
877
360
802
1388
188
983
1026
140
1895
1726
1461
282
2009
1885
941
221
1915
125
1204
2065
2025
582
1618
1815
1734
187
434
1146
1651
235
1843
195
597
1256
905
316
292
1536
743
1014
480
754
1850
1360
1504
860
2055
1953
1068
453
770
297
902
1745
785
956
437
955
423
1089
1565
1859
87
1676
252
1525
558
1245
1322
1761
1410
1660
726
675
732
1392
900
217
1019
2013
431
1061
917
375
2003
871
1693
1115
1856
1348
1135
1250
75
211
1085
1263
994
1910
1611
1675
1653
1786
1367
350
1408
703
827
808
1424
1091
1298
685
1811
1637
571
1730
2063
1007
1270
489
263
1261
1924
1851
89
619
987
1358
209
400
555
637
271
1678
1967
853
354
243
843
1171
898
647
1983
174
1391
2053
324
1285
1546
1854
181
1813
1683
601
1301
659
1280
2
462
1
911
1297
1480
228
276
833
506
500
1960
1701
722
1034
548
1606
534
30
1876
626
1227
441
1947
1329
648
1553
1099
1398
1733
1765
1426
1630
364
1366
1128
1727
157
108
1704
505
169
1779
1238
66
206
262
803
301
1886
236
2062
199
1378
852
1650
867
1453
1821
1904
699
107
1672
1607
1022
153
12
1625
306
1434
1691
164
1585
682
1506
667
1493
450
1233
523
552
429
1482
146
926
387
1518
248
41
793
1071
1197
1039
1306
1044
1228
690
223
382
49
1283
817
1148
1891
1712
1002
576
2019
269
627
708
1397
58
756
1118
121
1580
183
904
907
1717
259
486
545
1789
731
1497
1591
365
1806
1273
1759
1232
1587
1252
1621
869
1139
960
189
446
661
1746
696
1359
2015
1738
1764
1043
491
428
1739
520
1109
378
1221
1855
986
1911
1636
1593
1667
1144
1500
1814
1334
1079
680
859
948
1120
1906
748
196
1363
201
764
339
752
578
1195
1881
68
1158
111
1648
1866
658
2029
1598
1832
798
106
319
1448
1671
1450
1393
938
1490
883
943
1948
1081
2008
1318
1351
1810
1341
1165
709
1183
822
193
42
1905
1399
1792
1012
456
279
1804
614
638
906
1123
1196
670
483
1369
184
22
604
730
499
1634
1045
1106
1569
954
2024
736
531
438
1774
13
695
242
2020
1286
131
666
56
70
671
1054
693
85
878
404
1124
203
325
1984
1530
1266
110
820
965
40
975
585
101
769
746
2028
1787
744
1686
15
2026
1246
1412
1105
342
1657
1302
1782
141
1059
395
1725
397
1964
1619
349
1869
1963
635
945
940
1486
804
1387
124
1248
713
1463
1578
522
408
116
234
660
1377
607
928
490
888
315
293
605
1013
1344
1368
559
154
1175
1928
241
1186
178
1030
296
681
2057
997
1291
91
976
1265
1801
707
1848
1476
33
295
127
224
133
646
1328
1216
846
1456
1927
849
727
1067
613
868
305
1414
516
1999
799
465
498
1331
870
1919
192
81
1884
433
197
809
1918
1688
1935
1202
814
1222
1072
653
46
2061
959
1134
443
1640
1294
1631
1254
1936
266
1822
1267
586
951
1257
1589
650
562
1799
2032
569
1349
861
789
1719
1496
1638
1973
412
572
1316
286
1925
1373
1873
1934
1773
2051
1466
1790
957
1920
1289
1981
1438
893
1643
1677
82
1656
10
1923
229
244
844
1375
915
1069
1615
1035
1632
686
1390
1439
1604
1127
1564
488
615
147
402
417
1310
973
1251
634
1471
1191
1064
420
1824
52
1308
517
1113
1561
897
200
832
1945
501
723
549
1770
1133
363
992
1930
1595
1264
676
1495
1812
783
1274
1664
1828
1472
1732
39
910
1762
275
1477
701
1916
1778
1700
946
712
524
538
261
1247
964
1272
300
1423
1995
772
553
2041
1794
1114
896
383
1556
163
939
1447
1376
1234
657
1802
1862
1154
1975
654
115
198
1433
1715
1966
641
507
581
742
1533
274
1706
239
1361
1893
1381
1101
373
1161
550
857
384
1989
381
1485
1909
812
27
1508
1481
1645
120
1554
62
304
161
1716
1076
513
1249
1840
535
323
755
356
1527
984
94
819
1755
1982
1282
1138
1442
697
1278
876
1729
156
329
1432
1084
993
1370
587
1836
972
1601
355
1723
1413
1225
1639
767
2014
1760
1674
591
1529
249
1048
21
186
1065
758
250
698
458
1094
67
929
128
1754
1235
1961
1831
1336
303
238
284
884
1086
1362
738
1830
519
1353
76
376
1883
497
1865
328
1172
1796
1281
1987
1157
447
1190
1599
639
694
1588
1602
1324
1062
166
171
214
532
172
765
982
1679
779
73
777
1112
879
482
990
515
20
1991
409
1568
1820
1327
1449
145
1887
1295
100
1921
1230
1687
1698
69
1827
1218
974
1411
294
78
1016
1189
1658
740
566
1352
398
251
2036
1993
565
773
1976
944
31
1847
416
1977
467
1654
813
1469
1877
216
1944
1440
473
829
606
1543
430
1166
1468
1858
1326
1724
1021
225
573
1763
1460
1386
728
1181
1031
1541
1052
1220
518
72
958
2005
995
927
314
1899
1978
1969
1958
415
71
1901
760
916
1897
1819
2048
596
177
1137
717
1579
733
502
1087
996
1006
368
1616
2010
790
136
1613
2038
1180
1788
1594
1523
159
1714
452
332
25
1708
1395
1684
45
1028
711
1090
92
784
138
580
771
1017
936
289
1457
989
1259
1817
563
631
2045
1345
845
1429
1173
862
253
1985
1187
1303
687
1624
331
9
1428
1372
310
967
435
425
1705
1834
1524
2031
1669
1514
278
351
1025
1036
1050
411
1041
1997
1499
1347
1563
1515
487
618
1164
979
1465
909
35
623
1980
366
112
407
1946
165
1661
921
1937
44
781
1844
1756
1132
1685
1574
1168
208
388
1620
1603
782
1879
194
560
750
1335
109
1338
1141
831
700
1098
2052
1962
526
825
1932
1771
160
344
968
2018
1484
1160
139
5
254
245
1795
313
1070
1313
759
792
1707
1974
1226
919
629
850
419
268
1244
1582
642
1572
14
895
288
880
338
1211
270
37
1093
1029
357
1042
2054
374
1528
856
1510
1610
1315
998
406
797
643
1507
158
18
1823
636
1681
1143
794
61
2011
273
1649
1339
1766
281
710
536
818
1577
1781
1355
815
1988
1573
1162
179
1242
1409
466
1151
24
1954
1694
937
1835
1757
352
1552
1912
1474
1176
1404
840
1673
7
1407
1592
1441
1539
4
1845
885
598
620
890
1201
1083
1941
1343
1317
556
1555
546
468
1271
1972
824
1473
222
914
925
1965
463
60
1239
2050
1332
590
2021
345
283
477
1047
1108
1860
418
533
609
142
367
1110
1864
673
923
1156
663
1056
1419
1431
237
527
205
1443
610
991
318
621
1532
436
541
422
1103
130
341
2006
392
299
612
1720
1861
1380
1219
684
1073
1224
476
1747
1994
1446
828
1990
1872
1908
213
1784
1571
1015
766
947
1206
1140
144
806
1818
1878
34
1939
362
123
1728
1119
1695
317
90
949
931
873
79
514
1097
567
1063
1839
2049
841
1177
2039
326
1748
1130
1058
1807
1417
539
2059
95
449
1394
1534
1825
963
77
953
469
1870
421
2012
1857
630
763
1520
226
1617
1243
1808
1559
231
1320
1971
1032
652
668
1051
1416
114
1609
780
872
839
791
1436
1597
662
1512
1929
1542
1959
1777
28
816
1455
1942
2001
48
1136
98
176
787
778
1096
182
1333
1898
1092
564
511
1570
1900
399
863
762
933
321
1488
1952
1422
847
1703
162
725
478
611
104
1005
1710
1742
608
969
988
1277
1922
1053
617
2037
2034
1522
1163
1713
1581
1979
1750
386
1902
1896
353
322
805
149
1888
651
1193
1816
1833
1470
38
899
1024
372
246
207
1697
1548
715
1943
410
258
455
788
2058
1614
1545
1492
624
1287
1502
1551
330
912
1159
277
835
920
43
2060
1498
1346
1785
260
2027
1269
561
1365
1356
1116
1427
2044
865
981
8
1213
628
1435
1102
143
494
999
1314
1288
1403
720
93
1444
1478
1231
414
117
737
1826
1535
924
1644
589
881
594
1627
1670
472
1418
1037
1513
327
451
1129
1325
1913
86
1521
1121
1000
1483
267
36
1205
64
1385
922
17
1940
1926
287
1642
537
96
683
1800
1868
1487
644
19
1194
444
1744
1437
625
1357
1400
1590
155
1951
836
426
528
786
1004
2016
866
796
1188
1142
593
672
688
1077
599
1998
1957
1150
23
1319
220
512
347
337
1753
801
1780
1882
1874
1207
1237
1892
734
656
1743
886
891
1519
1538
745
1095
540
1040
761
1494
396
823
312
1721
1955
29
1321
702
454
1633
132
529
1628
834
2022
602
1452
961
1078
1209
1567
311
1088
776
2035
1309
1185
1066
664
1402
464
320
691
83
219
1122
622
2047
1690
439
855
1104
1284
1956
340
1459
